  0.000000000  0.000000000  0.000000000      12
       1       1  -39.418352300  -49.522664182
       1       2  -19.172424533  -25.097854961
       1       3    0.314145087   -3.060638188
       1       4    0.314146956   -3.060636318
       1       5    0.314149707   -3.060633568
       1       6    8.972790916   10.766112762
       1       7   23.528405483   26.504995544
       1       8   23.528407257   26.504997318
       1       9   23.528408934   26.504998995
       1      10   24.085097636   26.255212449
       1      11   24.085098089   26.255212902
       1      12   24.085098997   26.255213810
 -0.000000000 -0.000000000  0.250000000      12
       1       1  -39.387180751  -49.503361956
       1       2  -18.967689481  -24.849110199
       1       3   -1.038336129   -4.636525383
       1       4    0.196485396   -3.204576115
       1       5    0.196487508   -3.204574003
       1       6   10.205595515   12.160861339
       1       7   17.692182569   20.081462255
       1       8   20.240320680   22.842430521
       1       9   20.240323164   22.842433005
       1      10   26.635840490   29.161544678
       1      11   27.212404496   29.580047926
       1      12   27.212405688   29.580049118
 -0.000000000 -0.000000000  0.500000000      12
       1       1  -39.355087717  -49.559470025
       1       2  -18.747111503  -24.589527093
       1       3   -2.172936598   -5.989871574
       1       4    0.094873489   -3.336620568
       1       5    0.094875562   -3.336618496
       1       6   10.627235346   12.580541388
       1       7   16.470240646   19.156315514
       1       8   18.619328533   21.124909658
       1       9   18.619331192   21.124912317
       1      10   30.059407530   32.443728863
       1      11   30.557350145   33.213624295
       1      12   30.557350568   33.213624717
 -0.000000000 -0.000000000  0.750000000      12
       1       1  -39.387180751  -49.503061211
       1       2  -18.967689481  -24.848219874
       1       3   -1.038336129   -4.643124428
       1       4    0.196485397   -3.205273905
       1       5    0.196487507   -3.205271795
       1       6   10.205595516   12.163742817
       1       7   17.692182569   20.087612638
       1       8   20.240320685   22.840140757
       1       9   20.240323159   22.840143232
       1      10   26.635840490   29.162001506
       1      11   27.212404502   29.584145749
       1      12   27.212405685   29.584146933
  0.000000000  0.250000000  0.000000000      12
       1       1  -39.387180749  -49.503699364
       1       2  -18.967689527  -24.848984412
       1       3   -1.038334731   -4.636413705
       1       4    0.196483783   -3.204575282
       1       5    0.196487912   -3.204571153
       1       6   10.205594924   12.161125923
       1       7   17.692183211   20.081241540
       1       8   20.240320790   22.842573121
       1       9   20.240322358   22.842574689
       1      10   26.635839863   29.161560928
       1      11   27.212404899   29.579746850
       1      12   27.212406710   29.579748661
  0.000000000  0.250000000  0.250000000      12
       1       1  -39.376749930  -49.530016530
       1       2  -18.870816316  -24.737817087
       1       3   -1.099416951   -4.667524961
       1       4   -0.187276426   -3.652141544
       1       5   -0.187272456   -3.652137575
       1       6   11.257633144   13.364619458
       1       7   18.560622233   20.477264199
       1       8   19.452243175   21.954310794
       1       9   20.271455172   23.031097483
       1      10   20.271456639   23.031098950
       1      11   32.609787453   35.223493203
       1      12   32.609788718   35.223494469
 -0.000000000  0.250000000  0.500000000      12
       1       1  -39.347067596  -49.508417021
       1       2  -18.615643701  -24.448038998
       1       3   -2.034415378   -5.773878294
       1       4   -0.838085887   -4.391986140
       1       5   -0.302525263   -3.794681424
       1       6   12.778871012   15.004904957
       1       7   15.599050172   18.045855916
       1       8   18.465280328   20.952553184
       1       9   19.275940497   21.998971387
       1      10   23.715690195   26.147735638
       1      11   32.536889246   35.187527488
       1      12   33.251485236   35.840374004
 -0.000000000  0.250000000  0.750000000      12
       1       1  -39.356067384  -49.496381310
       1       2  -18.720679932  -24.564762155
       1       3   -1.523840930   -5.211311187
       1       4   -1.002494832   -4.580032458
       1       5    0.077242492   -3.352115882
       1       6   11.913849545   14.067507603
       1       7   15.558624594   17.952157071
       1       8   19.166566432   21.779818842
       1       9   19.170775183   21.807791681
       1      10   28.615372338   30.877105603
       1      11   28.654244604   31.291035799
       1      12   28.701957985   31.123308909
  0.000000000  0.500000000  0.000000000      12
       1       1  -39.355087713  -49.566233292
       1       2  -18.747111601  -24.589716916
       1       3   -2.172935078   -5.989789604
       1       4    0.094871865   -3.336641336
       1       5    0.094876010   -3.336637191
       1       6   10.627234287   12.580653683
       1       7   16.470241361   19.156138035
       1       8   18.619328715   21.124961496
       1       9   18.619330283   21.124963065
       1      10   30.059406478   32.443973549
       1      11   30.557349882   33.213464937
       1      12   30.557352943   33.213467998
  0.000000000  0.500000000  0.250000000      12
       1       1  -39.347067594  -49.508424509
       1       2  -18.615643752  -24.445522029
       1       3   -2.034413979   -5.773752679
       1       4   -0.838087185   -4.392077385
       1       5   -0.302525228   -3.794651699
       1       6   12.778870256   15.005051681
       1       7   15.599050734   18.045642320
       1       8   18.465280356   20.952557422
       1       9   19.275940096   21.999151688
       1      10   23.715690217   26.147489541
       1      11   32.536890207   35.187604121
       1      12   33.251486409   35.840330011
  0.000000000  0.500000000  0.500000000      12
       1       1  -39.338882540  -49.491464485
       1       2  -18.478966610  -24.286238931
       1       3   -2.676757664   -6.467688114
       1       4   -0.670380015   -4.223910076
       1       5   -0.670376198   -4.223906259
       1       6   14.561073198   17.234671155
       1       7   16.317733782   18.153932738
       1       8   17.234827358   19.506032838
       1       9   19.860948008   22.785429739
       1      10   19.860949510   22.785431241
       1      11   32.944728439   35.615997556
       1      12   37.921072228   40.745466016
 -0.000000000  0.500000000  0.750000000      12
       1       1  -39.347067594  -49.507662637
       1       2  -18.615643752  -24.446271180
       1       3   -2.034413979   -5.776644498
       1       4   -0.838087185   -4.397766440
       1       5   -0.302525228   -3.796403391
       1       6   12.778870256   15.014693469
       1       7   15.599050734   18.045353967
       1       8   18.465280355   20.956398046
       1       9   19.275940097   22.003459424
       1      10   23.715690217   26.146499830
       1      11   32.536890207   35.187674211
       1      12   33.251486408   35.837909159
  0.000000000  0.750000000  0.000000000      12
       1       1  -39.387180749  -49.503429689
       1       2  -18.967689527  -24.846658004
       1       3   -1.038334731   -4.643103740
       1       4    0.196483781   -3.205323333
       1       5    0.196487913   -3.205319202
       1       6   10.205594924   12.163562903
       1       7   17.692183211   20.087614621
       1       8   20.240320795   22.840074595
       1       9   20.240322360   22.840076160
       1      10   26.635839863   29.162289250
       1      11   27.212404896   29.584284872
       1      12   27.212406718   29.584286694
  0.000000000  0.750000000  0.250000000      12
       1       1  -39.356067384  -49.496284064
       1       2  -18.720679932  -24.564861230
       1       3   -1.523840930   -5.211403361
       1       4   -1.002494832   -4.580016377
       1       5    0.077242492   -3.352126647
       1       6   11.913849545   14.067285826
       1       7   15.558624594   17.952226499
       1       8   19.166566433   21.779873580
       1       9   19.170775183   21.807852848
       1      10   28.615372333   30.877343868
       1      11   28.654244604   31.291154468
       1      12   28.701957985   31.123152787
  0.000000000  0.750000000  0.500000000      12
       1       1  -39.347067596  -49.507649317
       1       2  -18.615643701  -24.447425966
       1       3   -2.034415378   -5.776695242
       1       4   -0.838085887   -4.397701619
       1       5   -0.302525263   -3.796390547
       1       6   12.778871012   15.014615644
       1       7   15.599050172   18.045396117
       1       8   18.465280328   20.956348882
       1       9   19.275940496   22.003575606
       1      10   23.715690195   26.146295635
       1      11   32.536889246   35.187955995
       1      12   33.251485237   35.838323875
  0.000000000  0.750000000  0.750000000      12
       1       1  -39.376749930  -49.532262557
       1       2  -18.870816316  -24.737318666
       1       3   -1.099416951   -4.679911865
       1       4   -0.187276426   -3.655136698
       1       5   -0.187272456   -3.655132729
       1       6   11.257633144   13.377117425
       1       7   18.560622233   20.473795919
       1       8   19.452243175   21.953910562
       1       9   20.271455172   23.038647049
       1      10   20.271456639   23.038648516
       1      11   32.609787453   35.230772430
       1      12   32.609788718   35.230773696
  0.250000000  0.000000000 -0.000000000      12
       1       1  -39.387180747  -49.503212775
       1       2  -18.967689550  -24.846583883
       1       3   -1.038333239   -4.637826263
       1       4    0.196483568   -3.204789057
       1       5    0.196486545   -3.204786081
       1       6   10.205594378   12.161469650
       1       7   17.692183944   20.081856945
       1       8   20.240321187   22.841773623
       1       9   20.240322567   22.841775002
       1      10   26.635837887   29.162482251
       1      11   27.212405694   29.580960331
       1      12   27.212407885   29.580962521
  0.250000000  0.000000000  0.250000000      12
       1       1  -39.376749931  -49.530343479
       1       2  -18.870816322  -24.736596266
       1       3   -1.099417283   -4.669010922
       1       4   -0.187275556   -3.652519251
       1       5   -0.187272855   -3.652516551
       1       6   11.257633091   13.365733860
       1       7   18.560621577   20.476694153
       1       8   19.452242834   21.954397550
       1       9   20.271455498   23.031479776
       1      10   20.271456928   23.031481207
       1      11   32.609787830   35.224790891
       1      12   32.609788987   35.224792048
  0.250000000 -0.000000000  0.500000000      12
       1       1  -39.347067597  -49.507497700
       1       2  -18.615643706  -24.447422821
       1       3   -2.034415992   -5.774261345
       1       4   -0.838084272   -4.392611880
       1       5   -0.302526142   -3.795184626
       1       6   12.778871091   15.006522880
       1       7   15.599049173   18.045348126
       1       8   18.465280416   20.952845004
       1       9   19.275941734   21.999848043
       1      10   23.715689475   26.146752819
       1      11   32.536888403   35.187660718
       1      12   33.251485312   35.840716959
  0.250000000 -0.000000000  0.750000000      12
       1       1  -39.356067381  -49.495929604
       1       2  -18.720679956  -24.564566944
       1       3   -1.523839678   -5.211706454
       1       4   -1.002495198   -4.580463307
       1       5    0.077241532   -3.352453929
       1       6   11.913848804   14.067917319
       1       7   15.558624850   17.952412032
       1       8   19.166567729   21.779999150
       1       9   19.170774987   21.807954719
       1      10   28.615373238   30.877767140
       1      11   28.654243931   31.291346560
       1      12   28.701958127   31.122599784
  0.250000000  0.250000000  0.000000000      12
       1       1  -39.376749932  -49.531944529
       1       2  -18.870816317  -24.736429325
       1       3   -1.099414582   -4.668909772
       1       4   -0.187276580   -3.652543189
       1       5   -0.187274939   -3.652541548
       1       6   11.257633636   13.366007661
       1       7   18.560621859   20.476649540
       1       8   19.452244170   21.954449825
       1       9   20.271455053   23.031354893
       1      10   20.271455854   23.031355694
       1      11   32.609787556   35.224562226
       1      12   32.609788219   35.224562890
  0.250000000  0.250000000  0.250000000      12
       1       1  -39.387180749  -49.504504939
       1       2  -18.967689521  -24.846205207
       1       3   -1.038334242   -4.629919364
       1       4    0.196484672   -3.204010748
       1       5    0.196486356   -3.204009065
       1       6   10.205594979   12.158360113
       1       7   17.692183343   20.075909098
       1       8   20.240320097   22.843858146
       1       9   20.240323521   22.843861570
       1      10   26.635839340   29.160144846
       1      11   27.212405185   29.577860863
       1      12   27.212406660   29.577862338
  0.250000000  0.250000000  0.500000000      12
       1       1  -39.356067383  -49.495484412
       1       2  -18.720679937  -24.562977477
       1       3   -1.523841818   -5.206515573
       1       4   -1.002492296   -4.576307915
       1       5    0.077240707   -3.350797431
       1       6   11.913849206   14.064089220
       1       7   15.558625387   17.944905633
       1       8   19.166565564   21.776874228
       1       9   19.170775275   21.808594778
       1      10   28.615372995   30.875319581
       1      11   28.654245676   31.289608809
       1      12   28.701958528   31.127204213
  0.250000000  0.250000000  0.750000000      12
       1       1  -39.347067598  -49.507388545
       1       2  -18.615643715  -24.446709090
       1       3   -2.034413939   -5.775840431
       1       4   -0.838085790   -4.391394668
       1       5   -0.302526998   -3.793999049
       1       6   12.778871471   15.000530076
       1       7   15.599050027   18.049575993
       1       8   18.465280635   20.957879702
       1       9   19.275939907   21.993577318
       1      10   23.715689637   26.148213189
       1      11   32.536890588   35.184239951
       1      12   33.251484607   35.840968206
  0.250000000  0.500000000  0.000000000      12
       1       1  -39.347067596  -49.507600784
       1       2  -18.615643765  -24.446593335
       1       3   -2.034413340   -5.774136887
       1       4   -0.838084613   -4.392630191
       1       5   -0.302528595   -3.795255650
       1       6   12.778870617   15.006796777
       1       7   15.599049477   18.045243632
       1       8   18.465281214   20.952722177
       1       9   19.275940782   21.999830776
       1      10   23.715689690   26.146522000
       1      11   32.536890462   35.187740241
       1      12   33.251484223   35.840699414
  0.250000000  0.500000000  0.250000000      12
       1       1  -39.356067381  -49.495353542
       1       2  -18.720679974  -24.562638664
       1       3   -1.523839331   -5.206394957
       1       4   -1.002495208   -4.576347526
       1       5    0.077241286   -3.350783773
       1       6   11.913848777   14.064292873
       1       7   15.558624948   17.944714444
       1       8   19.166567356   21.776928941
       1       9   19.170774813   21.808551673
       1      10   28.615372596   30.875253601
       1      11   28.654244244   31.289516819
       1      12   28.701958449   31.127165634
  0.250000000  0.500000000  0.500000000      12
       1       1  -39.347067594  -49.508682561
       1       2  -18.615643745  -24.445934777
       1       3   -2.034414641   -5.772018559
       1       4   -0.838084124   -4.391955332
       1       5   -0.302527743   -3.795486944
       1       6   12.778870090   15.009745235
       1       7   15.599049883   18.040596564
       1       8   18.465281132   20.948282881
       1       9   19.275941714   22.004216644
       1      10   23.715689701   26.149058329
       1      11   32.536888873   35.189452819
       1      12   33.251485139   35.838044390
  0.250000000  0.500000000  0.750000000      12
       1       1  -39.338280464  -49.505287724
       1       2  -18.506880372  -24.335630040
       1       3   -1.749281558   -5.426913498
       1       4   -1.749279125   -5.426911064
       1       5   -0.466696772   -4.004900670
       1       6   14.821955880   17.294969507
       1       7   14.821957060   17.294970688
       1       8   17.158726930   19.615025653
       1       9   18.982836637   21.556265637
       1      10   27.071662090   29.580353295
       1      11   27.071663261   29.580354466
       1      12   33.601351548   36.362047244
  0.250000000  0.750000000  0.000000000      12
       1       1  -39.356067379  -49.496134513
       1       2  -18.720680017  -24.564733162
       1       3   -1.523839881   -5.211680677
       1       4   -1.002492328   -4.580445246
       1       5    0.077239032   -3.352552869
       1       6   11.913847721   14.067829721
       1       7   15.558625738   17.952591445
       1       8   19.166566772   21.779947495
       1       9   19.170775007   21.807919750
       1      10   28.615372404   30.877929740
       1      11   28.654245229   31.291549888
       1      12   28.701960463   31.122353616
  0.250000000  0.750000000  0.250000000      12
       1       1  -39.347067594  -49.507281721
       1       2  -18.615643757  -24.446908125
       1       3   -2.034414733   -5.775864987
       1       4   -0.838085150   -4.391363903
       1       5   -0.302526377   -3.793993970
       1       6   12.778870211   15.000460240
       1       7   15.599049948   18.049546360
       1       8   18.465280403   20.957927558
       1       9   19.275940994   21.993646871
       1      10   23.715690053   26.148315600
       1      11   32.536889083   35.184068700
       1      12   33.251486367   35.840886763
  0.250000000  0.750000000  0.500000000      12
       1       1  -39.338280464  -49.505203340
       1       2  -18.506880350  -24.334924461
       1       3   -1.749282737   -5.426901781
       1       4   -1.749280663   -5.426899707
       1       5   -0.466693788   -4.004869658
       1       6   14.821955452   17.294897103
       1       7   14.821956602   17.294898253
       1       8   17.158728455   19.615164316
       1       9   18.982836223   21.556284052
       1      10   27.071661935   29.580386934
       1      11   27.071662685   29.580387684
       1      12   33.601350331   36.361963792
  0.250000000  0.750000000  0.750000000      12
       1       1  -39.347067592  -49.506607686
       1       2  -18.615643777  -24.446031170
       1       3   -2.034413663   -5.777639584
       1       4   -0.838085068   -4.396794567
       1       5   -0.302527719   -3.797120283
       1       6   12.778868976   15.018588022
       1       7   15.599051038   18.041950230
       1       8   18.465281225   20.951800247
       1       9   19.275941380   22.009526319
       1      10   23.715689927   26.147110756
       1      11   32.536889261   35.190204056
       1      12   33.251486457   35.834719108
  0.500000000  0.000000000 -0.000000000      12
       1       1  -39.355087709  -49.559468537
       1       2  -18.747111651  -24.589316438
       1       3   -2.172933649   -5.989701734
       1       4    0.094871671   -3.336748365
       1       5    0.094874661   -3.336745375
       1       6   10.627232790   12.580714750
       1       7   16.470243408   19.156144848
       1       8   18.619329019   21.124945396
       1       9   18.619330489   21.124946865
       1      10   30.059403941   32.444001109
       1      11   30.557351534   33.213455500
       1      12   30.557353816   33.213457782
  0.500000000  0.000000000  0.250000000      12
       1       1  -39.347067592  -49.507540005
       1       2  -18.615643783  -24.447276959
       1       3   -2.034413273   -5.774167075
       1       4   -0.838086969   -4.392657475
       1       5   -0.302526088   -3.794820690
       1       6   12.778868911   15.005395729
       1       7   15.599051518   18.045739337
       1       8   18.465280497   20.953385560
       1       9   19.275941053   21.998911720
       1      10   23.715689878   26.147981727
       1      11   32.536889726   35.187076169
       1      12   33.251487809   35.840079981
  0.500000000  0.000000000  0.500000000      12
       1       1  -39.338882540  -49.491404745
       1       2  -18.478966621  -24.286717680
       1       3   -2.676757921   -6.467641837
       1       4   -0.670379197   -4.223933542
       1       5   -0.670376526   -4.223930872
       1       6   14.561073265   17.234588735
       1       7   16.317733154   18.154032994
       1       8   17.234826842   19.506045061
       1       9   19.860948297   22.785455408
       1      10   19.860949869   22.785456981
       1      11   32.944727913   35.615866897
       1      12   37.921072663   40.745631161
  0.500000000 -0.000000000  0.750000000      12
       1       1  -39.347067592  -49.507673524
       1       2  -18.615643783  -24.445619213
       1       3   -2.034413273   -5.776059607
       1       4   -0.838086969   -4.397152627
       1       5   -0.302526089   -3.796562923
       1       6   12.778868911   15.014381296
       1       7   15.599051518   18.045318375
       1       8   18.465280497   20.955522954
       1       9   19.275941053   22.003725446
       1      10   23.715689878   26.146135991
       1      11   32.536889726   35.188356890
       1      12   33.251487809   35.838091335
  0.500000000  0.250000000 -0.000000000      12
       1       1  -39.347067593  -49.508156369
       1       2  -18.615643791  -24.448548276
       1       3   -2.034412021   -5.774166639
       1       4   -0.838086014   -4.392583419
       1       5   -0.302528571   -3.794923993
       1       6   12.778869170   15.005521505
       1       7   15.599051267   18.045844595
       1       8   18.465281392   20.953257961
       1       9   19.275940400   21.998718867
       1      10   23.715690090   26.148008984
       1      11   32.536889958   35.187045795
       1      12   33.251486008   35.840184612
  0.500000000  0.250000000  0.250000000      12
       1       1  -39.356067379  -49.495770048
       1       2  -18.720680000  -24.562546575
       1       3   -1.523838361   -5.206768409
       1       4   -1.002494858   -4.576881571
       1       5    0.077239855   -3.351081003
       1       6   11.913848247   14.064637799
       1       7   15.558624865   17.945142313
       1       8   19.166568117   21.777008097
       1       9   19.170775262   21.808713861
       1      10   28.615372377   30.875931488
       1      11   28.654243812   31.289904694
       1      12   28.701959713   31.126445374
  0.500000000  0.250000000  0.500000000      12
       1       1  -39.347067594  -49.508311983
       1       2  -18.615643751  -24.446329140
       1       3   -2.034414391   -5.772414689
       1       4   -0.838085604   -4.392819196
       1       5   -0.302526386   -3.795734804
       1       6   12.778869915   15.011342109
       1       7   15.599050573   18.040059879
       1       8   18.465280287   20.948562846
       1       9   19.275941108   22.005166139
       1      10   23.715690196   26.148024568
       1      11   32.536889522   35.189535724
       1      12   33.251486147   35.838412137
  0.500000000  0.250000000  0.750000000      12
       1       1  -39.338280465  -49.505211424
       1       2  -18.506880376  -24.334859472
       1       3   -1.749282390   -5.426888796
       1       4   -1.749278564   -5.426884971
       1       5   -0.466696384   -4.004935090
       1       6   14.821955265   17.294937246
       1       7   14.821957630   17.294939612
       1       8   17.158726792   19.615116294
       1       9   18.982836423   21.556253310
       1      10   27.071662323   29.580375206
       1      11   27.071663256   29.580376139
       1      12   33.601351256   36.362054882
  0.500000000  0.500000000  0.000000000      12
       1       1  -39.338882543  -49.491455282
       1       2  -18.478966640  -24.286308973
       1       3   -2.676755395   -6.467601073
       1       4   -0.670380176   -4.223988470
       1       5   -0.670378600   -4.223986893
       1       6   14.561074446   17.234750596
       1       7   16.317733425   18.153927510
       1       8   17.234826992   19.506028166
       1       9   19.860947724   22.785386982
       1      10   19.860948563   22.785387821
       1      11   32.944731527   35.615967853
       1      12   37.921069011   40.745262059
  0.500000000  0.500000000  0.250000000      12
       1       1  -39.347067596  -49.508596451
       1       2  -18.615643759  -24.445050194
       1       3   -2.034412201   -5.772337213
       1       4   -0.838087546   -4.392905809
       1       5   -0.302526964   -3.795753060
       1       6   12.778870377   15.011486931
       1       7   15.599051227   18.040044881
       1       8   18.465280776   20.948561223
       1       9   19.275939433   22.004979854
       1      10   23.715689834   26.148131813
       1      11   32.536890466   35.189537980
       1      12   33.251486336   35.838082019
  0.500000000  0.500000000  0.500000000      12
       1       1  -39.355087713  -49.565941763
       1       2  -18.747111589  -24.586075253
       1       3   -2.172934702   -5.987281691
       1       4    0.094872757   -3.336206644
       1       5    0.094874457   -3.336204944
       1       6   10.627234117   12.580006342
       1       7   16.470242089   19.155785277
       1       8   18.619327898   21.124809750
       1       9   18.619331558   21.124813410
       1      10   30.059405912   32.440599820
       1      11   30.557350290   33.214115569
       1      12   30.557352725   33.214118005
  0.500000000  0.500000000  0.750000000      12
       1       1  -39.347067596  -49.507862653
       1       2  -18.615643759  -24.445175726
       1       3   -2.034412200   -5.775097281
       1       4   -0.838087546   -4.397184127
       1       5   -0.302526964   -3.794654218
       1       6   12.778870377   15.007430640
       1       7   15.599051227   18.049992884
       1       8   18.465280777   20.961258429
       1       9   19.275939433   21.996756622
       1      10   23.715689834   26.146459383
       1      11   32.536890468   35.185362336
       1      12   33.251486336   35.840745227
  0.500000000  0.750000000  0.000000000      12
       1       1  -39.347067593  -49.507875623
       1       2  -18.615643791  -24.446659044
       1       3   -2.034412021   -5.776097614
       1       4   -0.838086014   -4.397069531
       1       5   -0.302528571   -3.796647922
       1       6   12.778869170   15.014332874
       1       7   15.599051267   18.045330194
       1       8   18.465281392   20.955555226
       1       9   19.275940401   22.003755283
       1      10   23.715690090   26.145893551
       1      11   32.536889956   35.188493613
       1      12   33.251486008   35.838265601
  0.500000000  0.750000000  0.250000000      12
       1       1  -39.338280465  -49.501471307
       1       2  -18.506880376  -24.334760236
       1       3   -1.749282390   -5.426888079
       1       4   -1.749278564   -5.426884253
       1       5   -0.466696384   -4.004930964
       1       6   14.821955265   17.294936563
       1       7   14.821957630   17.294938928
       1       8   17.158726791   19.615108534
       1       9   18.982836422   21.556255116
       1      10   27.071662323   29.580369196
       1      11   27.071663256   29.580370129
       1      12   33.601351257   36.361849102
  0.500000000  0.750000000  0.500000000      12
       1       1  -39.347067594  -49.508104041
       1       2  -18.615643751  -24.445721621
       1       3   -2.034414391   -5.775135814
       1       4   -0.838085604   -4.397099076
       1       5   -0.302526386   -3.794650802
       1       6   12.778869915   15.007458140
       1       7   15.599050573   18.050102467
       1       8   18.465280287   20.961097107
       1       9   19.275941108   21.996715753
       1      10   23.715690196   26.146616096
       1      11   32.536889522   35.185316523
       1      12   33.251486147   35.841012461
  0.500000000  0.750000000  0.750000000      12
       1       1  -39.356067379  -49.496071832
       1       2  -18.720680000  -24.563433560
       1       3   -1.523838361   -5.211683779
       1       4   -1.002494858   -4.584138608
       1       5    0.077239855   -3.352931930
       1       6   11.913848247   14.068014357
       1       7   15.558624865   17.960985415
       1       8   19.166568118   21.784002445
       1       9   19.170775262   21.805427794
       1      10   28.615372377   30.878434988
       1      11   28.654243812   31.290478120
       1      12   28.701959713   31.121279930
  0.750000000  0.000000000 -0.000000000      12
       1       1  -39.387180747  -49.503507113
       1       2  -18.967689550  -24.849521357
       1       3   -1.038333239   -4.641418542
       1       4    0.196483569   -3.205303410
       1       5    0.196486544   -3.205300434
       1       6   10.205594378   12.163304107
       1       7   17.692183944   20.086961649
       1       8   20.240321183   22.840860789
       1       9   20.240322561   22.840862167
       1      10   26.635837887   29.161427563
       1      11   27.212405692   29.583034367
       1      12   27.212407880   29.583036554
  0.750000000  0.000000000  0.250000000      12
       1       1  -39.356067381  -49.495735240
       1       2  -18.720679956  -24.564382939
       1       3   -1.523839678   -5.210931702
       1       4   -1.002495198   -4.579437573
       1       5    0.077241532   -3.352094024
       1       6   11.913848804   14.067049788
       1       7   15.558624850   17.951755729
       1       8   19.166567730   21.779707085
       1       9   19.170774987   21.807742798
       1      10   28.615373240   30.876627860
       1      11   28.654243931   31.290745577
       1      12   28.701958128   31.123891971
  0.750000000  0.000000000  0.500000000      12
       1       1  -39.347067597  -49.507849113
       1       2  -18.615643706  -24.447206470
       1       3   -2.034415992   -5.776245146
       1       4   -0.838084272   -4.396840035
       1       5   -0.302526142   -3.796188264
       1       6   12.778871091   15.012969926
       1       7   15.599049173   18.045966676
       1       8   18.465280416   20.956040597
       1       9   19.275941734   22.002701275
       1      10   23.715689474   26.147397876
       1      11   32.536888402   35.187901325
       1      12   33.251485312   35.837990998
  0.750000000  0.000000000  0.750000000      12
       1       1  -39.376749931  -49.532012753
       1       2  -18.870816322  -24.738494707
       1       3   -1.099417283   -4.678337373
       1       4   -0.187275555   -3.654814766
       1       5   -0.187272856   -3.654812067
       1       6   11.257633091   13.375940117
       1       7   18.560621577   20.474516820
       1       8   19.452242834   21.953734029
       1       9   20.271455499   23.038322382
       1      10   20.271456929   23.038323811
       1      11   32.609787830   35.229505044
       1      12   32.609788987   35.229506201
  0.750000000  0.250000000 -0.000000000      12
       1       1  -39.356067379  -49.496124524
       1       2  -18.720680017  -24.564340417
       1       3   -1.523839882   -5.210810400
       1       4   -1.002492328   -4.579436223
       1       5    0.077239033   -3.352181402
       1       6   11.913847721   14.067179254
       1       7   15.558625738   17.951863678
       1       8   19.166566772   21.779604837
       1       9   19.170775007   21.807642160
       1      10   28.615372439   30.876579715
       1      11   28.654245229   31.290844928
       1      12   28.701960463   31.123827184
  0.750000000  0.250000000  0.250000000      12
       1       1  -39.347067592  -49.507667974
       1       2  -18.615643777  -24.444988744
       1       3   -2.034413663   -5.775339651
       1       4   -0.838085068   -4.390739911
       1       5   -0.302527719   -3.794104870
       1       6   12.778868976   15.000195559
       1       7   15.599051038   18.049477431
       1       8   18.465281221   20.957079561
       1       9   19.275941381   21.993834821
       1      10   23.715689927   26.147859571
       1      11   32.536889257   35.184578470
       1      12   33.251486457   35.841061420
  0.750000000  0.250000000  0.500000000      12
       1       1  -39.338280464  -49.505296524
       1       2  -18.506880350  -24.334906895
       1       3   -1.749282738   -5.426903301
       1       4   -1.749280663   -5.426901227
       1       5   -0.466693788   -4.004863401
       1       6   14.821955452   17.294897450
       1       7   14.821956602   17.294898600
       1       8   17.158728454   19.615156284
       1       9   18.982836223   21.556288666
       1      10   27.071661935   29.580378991
       1      11   27.071662685   29.580379741
       1      12   33.601350321   36.361970355
  0.750000000  0.250000000  0.750000000      12
       1       1  -39.347067594  -49.507174963
       1       2  -18.615643757  -24.445116383
       1       3   -2.034414733   -5.777171619
       1       4   -0.838085150   -4.396216424
       1       5   -0.302526376   -3.796996685
       1       6   12.778870211   15.018195890
       1       7   15.599049948   18.041886499
       1       8   18.465280403   20.950942547
       1       9   19.275940993   22.009841880
       1      10   23.715690053   26.146686182
       1      11   32.536889082   35.190870821
       1      12   33.251486367   35.834950554
  0.750000000  0.500000000 -0.000000000      12
       1       1  -39.347067596  -49.507678402
       1       2  -18.615643765  -24.447706825
       1       3   -2.034413340   -5.776230598
       1       4   -0.838084613   -4.396820812
       1       5   -0.302528595   -3.796289180
       1       6   12.778870617   15.012998364
       1       7   15.599049477   18.045932924
       1       8   18.465281213   20.956121542
       1       9   19.275940782   22.002619368
       1      10   23.715689690   26.147370775
       1      11   32.536890461   35.187836892
       1      12   33.251484223   35.837764751
  0.750000000  0.500000000  0.250000000      12
       1       1  -39.338280465  -49.501556917
       1       2  -18.506880373  -24.335864182
       1       3   -1.749281558   -5.426912688
       1       4   -1.749279124   -5.426910255
       1       5   -0.466696772   -4.004892446
       1       6   14.821955880   17.294967627
       1       7   14.821957060   17.294968807
       1       8   17.158726951   19.615044572
       1       9   18.982836634   21.556262693
       1      10   27.071662091   29.580358051
       1      11   27.071663262   29.580359222
       1      12   33.601351578   36.362024348
  0.750000000  0.500000000  0.500000000      12
       1       1  -39.347067594  -49.507679335
       1       2  -18.615643745  -24.446969996
       1       3   -2.034414641   -5.775577577
       1       4   -0.838084124   -4.397714481
       1       5   -0.302527743   -3.795105429
       1       6   12.778870090   15.009123625
       1       7   15.599049883   18.049563330
       1       8   18.465281132   20.961416973
       1       9   19.275941714   21.997513608
       1      10   23.715689701   26.145540469
       1      11   32.536888872   35.185445443
       1      12   33.251485139   35.841296715
  0.750000000  0.500000000  0.750000000      12
       1       1  -39.356067381  -49.495730124
       1       2  -18.720679974  -24.563255039
       1       3   -1.523839331   -5.212183645
       1       4   -1.002495208   -4.584607903
       1       5    0.077241286   -3.353002664
       1       6   11.913848777   14.068318491
       1       7   15.558624948   17.961282749
       1       8   19.166567356   21.784259325
       1       9   19.170774813   21.805546540
       1      10   28.615372639   30.879107575
       1      11   28.654244244   31.290801222
       1      12   28.701958449   31.120523827
  0.750000000  0.750000000  0.000000000      12
       1       1  -39.376749932  -49.532173427
       1       2  -18.870816317  -24.738094384
       1       3   -1.099414582   -4.678332957
       1       4   -0.187276580   -3.654860037
       1       5   -0.187274941   -3.654858397
       1       6   11.257633636   13.375778712
       1       7   18.560621859   20.474408566
       1       8   19.452244170   21.953847596
       1       9   20.271455053   23.038291458
       1      10   20.271455854   23.038292259
       1      11   32.609787556   35.229577859
       1      12   32.609788219   35.229578523
  0.750000000  0.750000000  0.250000000      12
       1       1  -39.347067598  -49.507080290
       1       2  -18.615643715  -24.446494375
       1       3   -2.034413939   -5.777256903
       1       4   -0.838085790   -4.396201333
       1       5   -0.302526998   -3.797029848
       1       6   12.778871470   15.018017762
       1       7   15.599050027   18.041987331
       1       8   18.465280630   20.951094150
       1       9   19.275939907   22.009701983
       1      10   23.715689637   26.146782607
       1      11   32.536890582   35.190725481
       1      12   33.251484607   35.834814138
  0.750000000  0.750000000  0.500000000      12
       1       1  -39.356067383  -49.495896079
       1       2  -18.720679937  -24.563889004
       1       3   -1.523841818   -5.212208641
       1       4   -1.002492296   -4.584577591
       1       5    0.077240708   -3.353001832
       1       6   11.913849206   14.068333629
       1       7   15.558625387   17.961400236
       1       8   19.166565565   21.784160698
       1       9   19.170775275   21.805523762
       1      10   28.615372995   30.878938234
       1      11   28.654245675   31.290777498
       1      12   28.701958528   31.120726984
  0.750000000  0.750000000  0.750000000      12
       1       1  -39.387180749  -49.502822697
       1       2  -18.967689521  -24.846892592
       1       3   -1.038334242   -4.647916112
       1       4    0.196484673   -3.205053833
       1       5    0.196486355   -3.205052151
       1       6   10.205594979   12.164204193
       1       7   17.692183343   20.095835882
       1       8   20.240320092   22.838008065
       1       9   20.240323526   22.838011499
       1      10   26.635839339   29.159331651
       1      11   27.212405191   29.588913051
       1      12   27.212406654   29.588914514
